1.571395
1.570972
1.570575
1.570203
1.569854
1.569526
1.569217
1.568926
1.568651
1.568392
1.568147
1.567916
1.567697
1.567490
1.567293
1.567107
1.566930
1.566762
1.566602
1.566449
1.566304
1.566166
1.566034
1.565909
1.565789
1.565674
1.565565
1.565460
1.565360
1.565264
1.565172
1.565084
1.564999
1.564918
1.564841
1.564766
1.564694
1.564626
1.564560
1.564496
1.564435
1.564377
1.564320
1.564266
1.564214
1.564163
1.564115
1.564068
1.564023
1.563980
1.563938
1.563898
1.563859
1.563822
1.563786
1.563751
1.563718
1.563685
1.563654
1.563624
1.563595
1.563567
1.563539
1.563513
1.563488
1.563463
1.563440
1.563417
1.563395
1.563374
1.563353
1.563333
1.563314
1.563295
1.563277
1.563260
1.563243
1.563227
1.563211
1.563196
1.563181
1.563167
1.563153
1.563140
1.563127
1.563115
1.563103
1.563091
1.563080
1.563069
1.563058
1.563048
1.563038
1.563028
1.563019
1.563010
1.563001
1.562993
1.562985
1.562977
